<?xml version="1.0"?>
<opencv_storage>
<classifications type_id="opencv-matrix">
  <rows>35</rows>
  <cols>1</cols>
  <dt>i</dt>
  <data>
    48 57 56 51 50 55 54 53 52 49 83 79 71 67 65 90 89 88 87 86 85 84 82
    80 78 77 76 75 74 73 72 70 69 68 66</data></classifications>
</opencv_storage>
