<?xml version="1.0"?>
<opencv_storage>
<images type_id="opencv-matrix">
  <rows>35</rows>
  <cols>600</cols>
  <dt>f</dt>
  <data>
    0. 0. 0. 0. 0. 3. 102. 255. 255. 255. 255. 255. 255. 102. 3. 0. 0.
    0. 0. 0. 0. 0. 0. 0. 148. 255. 255. 255. 255. 255. 255. 255. 255.
    255. 255. 148. 0. 0. 0. 0. 0. 0. 96. 255. 255. 255. 255. 255. 255.
    255. 255. 255. 255. 255. 255. 255. 255. 96. 0. 0. 0. 0. 223. 255.
    255. 255. 255. 255. 255. 51. 51. 255. 255. 255. 255. 255. 255. 223.
    0. 0. 0. 210. 255. 255. 255. 255. 167. 0. 0. 0. 0. 0. 0. 167. 255.
    255. 255. 255. 210. 0. 70. 255. 255. 255. 255. 149. 0. 0. 0. 0. 0.
    0. 0. 0. 149. 255. 255. 255. 255. 70. 107. 255. 255. 255. 231. 0. 0.
    0. 0. 0. 0. 0. 0. 0. 0. 231. 255. 255. 255. 107. 255. 255. 255. 255.
    134. 0. 0. 0. 0. 0. 0. 0. 0. 0. 0. 134. 255. 255. 255. 255. 255.
    255. 255. 255. 134. 0. 0. 0. 0. 0. 0. 0. 0. 0. 0. 134. 255. 255.
    255. 255. 255. 255. 255. 255. 134. 0. 0. 0. 0. 0. 0. 0. 0. 0. 0.
    134. 255. 255. 255. 255. 255. 255. 255. 255. 134. 0. 0. 0. 0. 0. 0.
    0. 0. 0. 0. 134. 255. 255. 255. 255. 255. 255. 255. 255. 134. 0. 0.
    0. 0. 0. 0. 0. 0. 0. 0. 134. 255. 255. 255. 255. 255. 255. 255. 255.
    134. 0. 0. 0. 0. 0. 0. 0. 0. 0. 0. 134. 255. 255. 255. 255. 255.
    255. 255. 255. 134. 0. 0. 0. 0. 0. 0. 0. 0. 0. 0. 134. 255. 255.
    255. 255. 255. 255. 255. 255. 134. 0. 0. 0. 0. 0. 0. 0. 0. 0. 0.
    134. 255. 255. 255. 255. 255. 255. 255. 255. 134. 0. 0. 0. 0. 0. 0.
    0. 0. 0. 0. 134. 255. 255. 255. 255. 255. 255. 255. 255. 134. 0. 0.
    0. 0. 0. 0. 0. 0. 0. 0. 134. 255. 255. 255. 255. 255. 255. 255. 255.
    134. 0. 0. 0. 0. 0. 0. 0. 0. 0. 0. 134. 255. 255. 255. 255. 255.
    255. 255. 255. 134. 0. 0. 0. 0. 0. 0. 0. 0. 0. 0. 134. 255. 255.
    255. 255. 255. 255. 255. 255. 134. 0. 0. 0. 0. 0. 0. 0. 0. 0. 0.
    134. 255. 255. 255. 255. 255. 255. 255. 255. 134. 0. 0. 0. 0. 0. 0.
    0. 0. 0. 0. 134. 255. 255. 255. 255. 255. 255. 255. 255. 134. 0. 0.
    0. 0. 0. 0. 0. 0. 0. 0. 134. 255. 255. 255. 255. 255. 255. 255. 255.
    134. 0. 0. 0. 0. 0. 0. 0. 0. 0. 0. 134. 255. 255. 255. 255. 107.
    255. 255. 255. 231. 0. 0. 0. 0. 0. 0. 0. 0. 0. 0. 231. 255. 255.
    255. 107. 70. 255. 255. 255. 255. 149. 0. 0. 0. 0. 0. 0. 0. 0. 149.
    255. 255. 255. 255. 70. 0. 210. 255. 255. 255. 255. 167. 0. 0. 0. 0.
    0. 0. 167. 255. 255. 255. 255. 210. 0. 0. 0. 223. 255. 255. 255.
    255. 255. 255. 209. 209. 255. 255. 255. 255. 255. 255. 223. 0. 0. 0.
    0. 0. 236. 255. 255. 255. 255. 255. 255. 255. 255. 255. 255. 255.
    255. 236. 0. 0. 0. 0. 0. 0. 0. 148. 255. 255. 255. 255. 255. 255.
    255. 255. 255. 255. 148. 0. 0. 0. 0. 0. 0. 0. 0. 0. 3. 102. 121.
    255. 255. 255. 255. 121. 102. 3. 0. 0. 0. 0. 0. 0. 0. 0. 0. 0. 3.
    106. 255. 255. 255. 255. 255. 255. 106. 3. 0. 0. 0. 0. 0. 0. 0. 0.
    0. 155. 255. 255. 255. 255. 255. 255. 255. 255. 255. 255. 155. 0. 0.
    0. 0. 0. 0. 95. 255. 255. 255. 255. 255. 255. 255. 255. 255. 255.
    255. 255. 255. 255. 95. 0. 0. 0. 0. 241. 255. 255. 255. 255. 255.
    255. 21. 21. 255. 255. 255. 255. 255. 255. 241. 0. 0. 0. 210. 255.
    255. 255. 255. 145. 0. 0. 0. 0. 0. 0. 145. 255. 255. 255. 255. 210.
    0. 70. 255. 255. 255. 255. 104. 0. 0. 0. 0. 0. 0. 0. 0. 104. 255.
    255. 255. 255. 70. 147. 255. 255. 255. 204. 0. 0. 0. 0. 0. 0. 0. 0.
    0. 0. 204. 255. 255. 255. 147. 255. 255. 255. 255. 134. 0. 0. 0. 0.
    0. 0. 0. 0. 0. 0. 134. 255. 255. 255. 255. 255. 255. 255. 255. 134.
    0. 0. 0. 0. 0. 0. 0. 0. 0. 0. 134. 255. 255. 255. 255. 255. 255.
    255. 255. 134. 0. 0. 0. 0. 0. 0. 0. 0. 0. 0. 134. 255. 255. 255.
    255. 255. 255. 255. 255. 134. 0. 0. 0. 0. 0. 0. 0. 0. 0. 0. 134.
    255. 255. 255. 255. 255. 255. 255. 255. 134. 0. 0. 0. 0. 0. 0. 0. 0.
    0. 0. 134. 255. 255. 255. 255. 70. 255. 255. 255. 255. 0. 0. 0. 0.
    0. 0. 0. 0. 0. 0. 255. 255. 255. 255. 70. 53. 244. 255. 255. 255.
    248. 0. 0. 0. 0. 0. 0. 0. 27. 250. 255. 255. 255. 244. 53. 0. 193.
    255. 255. 255. 255. 255. 21. 7. 0. 0. 7. 21. 255. 255. 255. 255.
    255. 193. 0. 0. 0. 255. 255. 255. 255. 255. 255. 240. 234. 234. 240.
    255. 255. 255. 255. 255. 255. 0. 0. 0. 0. 24. 241. 255. 255. 255.
    255. 255. 255. 255. 255. 255. 255. 255. 255. 241. 24. 0. 0. 0. 0. 0.
    0. 106. 255. 255. 255. 255. 255. 255. 255. 255. 255. 255. 255. 0. 0.
    0. 0. 0. 0. 0. 0. 0. 0. 0. 19. 149. 173. 255. 255. 255. 255. 255.
    71. 0. 0. 0. 0. 0. 0. 0. 0. 0. 0. 0. 0. 0. 255. 255. 255. 255. 255.
    6. 0. 0. 0. 0. 0. 0. 0. 0. 0. 0. 0. 0. 3. 179. 255. 255. 255. 255.
    134. 0. 0. 0. 0. 0. 0. 0. 0. 0. 0. 0. 0. 0. 236. 255. 255. 255. 255.
    50. 0. 0. 0. 0. 0. 0. 0. 0. 0. 0. 0. 0. 0. 147. 255. 255. 255. 255.
    193. 8. 0. 0. 0. 0. 0. 0. 0. 0. 0. 0. 0. 0. 151. 255. 255. 255. 255.
    139. 0. 0. 0. 0. 0. 0. 0. 0. 0. 0. 0. 0. 0. 121. 255. 255. 255. 255.
    231. 33. 0. 0. 0. 0. 0. 0. 0. 0. 0. 0. 0. 0. 59. 255. 255. 255. 255.
    255. 0. 0. 0. 0. 0. 0. 0. 0. 0. 0. 0. 0. 0. 95. 255. 255. 255. 255.
    252. 76. 0. 0. 0. 0. 0. 0. 0. 0. 0. 0. 0. 0. 0. 241. 255. 255. 255.
    255. 19. 0. 0. 0. 0. 0. 0. 0. 0. 0. 0. 0. 0. 53. 244. 255. 255. 255.
    255. 145. 0. 0. 0. 0. 0. 0. 0. 0. 0. 0. 0. 0. 0. 29. 229. 106. 106.
    106. 104. 0. 0. 0. 0. 0. 0. 0. 0. 0. 0. 0. 0. 0. 0. 0. 0. 0. 0. 0.
    3. 102. 255. 255. 255. 255. 255. 255. 102. 3. 0. 0. 0. 0. 0. 0. 0.
    0. 0. 148. 255. 255. 255. 255. 255. 255. 255. 255. 255. 255. 148. 0.
    0. 0. 0. 0. 0. 0. 236. 255. 255. 255. 255. 255. 255. 255. 255. 255.
    255. 255. 255. 236. 0. 0. 0. 0. 0. 223. 255. 255. 255. 255. 255.
    255. 51. 51. 255. 255. 255. 255. 255. 255. 223. 0. 0. 0. 126. 255.
    255. 255. 255. 167. 0. 0. 0. 0. 0. 0. 167. 255. 255. 255. 255. 126.
    0. 0. 210. 255. 255. 255. 248. 0. 0. 0. 0. 0. 0. 0. 0. 248. 255.
    255. 255. 210. 0. 14. 219. 255. 255. 255. 0. 0. 0. 0. 0. 0. 0. 0. 0.
    0. 255. 255. 255. 219. 14. 70. 255. 255. 255. 255. 0. 0. 0. 0. 0. 0.
    0. 0. 0. 0. 255. 255. 255. 255. 70. 70. 255. 255. 255. 255. 0. 0. 0.
    0. 0. 0. 0. 0. 0. 0. 255. 255. 255. 255. 70. 0. 210. 255. 255. 255.
    149. 0. 0. 0. 0. 0. 0. 0. 0. 149. 255. 255. 255. 210. 0. 0. 210.
    255. 255. 255. 251. 43. 0. 0. 0. 0. 0. 0. 43. 251. 255. 255. 255.
    210. 0. 0. 0. 255. 255. 255. 255. 255. 51. 17. 0. 0. 17. 51. 255.
    255. 255. 255. 255. 0. 0. 0. 0. 96. 255. 255. 255. 255. 255. 255.
    255. 255. 255. 255. 255. 255. 255. 255. 96. 0. 0. 0. 0. 0. 47. 255.
    255. 255. 255. 255. 255. 255. 255. 255. 255. 255. 255. 47. 0. 0. 0.
    0. 0. 0. 142. 255. 255. 255. 255. 255. 255. 255. 255. 255. 255. 255.
    255. 153. 57. 0. 0. 0. 0. 255. 255. 255. 255. 255. 242. 153. 153.
    153. 153. 242. 255. 255. 255. 255. 255. 0. 0. 14. 219. 255. 255.
    255. 254. 204. 0. 0. 0. 0. 0. 0. 204. 254. 255. 255. 255. 219. 14.
    70. 255. 255. 255. 255. 249. 0. 0. 0. 0. 0. 0. 0. 0. 249. 255. 255.
    255. 255. 70. 70. 255. 255. 255. 158. 0. 0. 0. 0. 0. 0. 0. 0. 0. 0.
    158. 255. 255. 255. 70. 255. 255. 255. 255. 134. 0. 0. 0. 0. 0. 0.
    0. 0. 0. 0. 134. 255. 255. 255. 255. 255. 255. 255. 255. 134. 0. 0.
    0. 0. 0. 0. 0. 0. 0. 0. 134. 255. 255. 255. 255. 255. 255. 255. 255.
    134. 0. 0. 0. 0. 0. 0. 0. 0. 0. 0. 134. 255. 255. 255. 255. 255.
    255. 255. 255. 134. 0. 0. 0. 0. 0. 0. 0. 0. 0. 0. 134. 255. 255.
    255. 255. 107. 255. 255. 255. 231. 0. 0. 0. 0. 0. 0. 0. 0. 0. 0.
    231. 255. 255. 255. 107. 70. 255. 255. 255. 255. 149. 0. 0. 0. 0. 0.
    0. 0. 0. 149. 255. 255. 255. 255. 70. 0. 210. 255. 255. 255. 255.
    167. 0. 0. 0. 0. 0. 0. 167. 255. 255. 255. 255. 210. 0. 0. 0. 223.
    255. 255. 255. 255. 255. 255. 209. 209. 255. 255. 255. 255. 255.
    255. 223. 0. 0. 0. 0. 0. 236. 255. 255. 255. 255. 255. 255. 255.
    255. 255. 255. 255. 255. 236. 0. 0. 0. 0. 0. 0. 0. 148. 255. 255.
    255. 255. 255. 255. 255. 255. 255. 255. 148. 0. 0. 0. 0. 0. 0. 0. 0.
    0. 3. 102. 121. 255. 255. 255. 255. 121. 102. 3. 0. 0. 0. 0. 0. 0.
    0. 0. 0. 0. 102. 190. 255. 255. 255. 255. 255. 121. 102. 3. 0. 0. 0.
